entity_ID,name,time_ID
entity0,time,time0
entity1,time,time1
entity2,time,time2
entity3,time,time3
entity4,time,time4
entity5,time,time5
entity6,time,time6
entity7,time,time7
entity8,time,time8
entity9,time,time9
entity10,time,time10
